p_val	avg_logFC	pct.1	pct.2	p_val_adj	cluster	gene
1	2.15943652954756e-06	0.983962969958888	0.1	0.058	0.00158286697615836	0	TF.ATF2.TG.ST3GAL5.mode.A.TG.HI
2	0.000444849525018656	0.798761247317148	0.104	0.072	0.326074701838675	0	TF.IRF1.TG.DST.mode.R.TG.HI
3	1.90562393649475e-130	2.48524970284779	0.359	0.041	1.39682234545065e-127	1	TF.STAT3.TG.IFNAR1.mode.A.TG.LW
4	1.3678051872633e-80	2.23866189534018	0.269	0.039	1.002601202264e-77	1	TF.STAT3.TG.F2R.mode.A.TG.LW
5	9.40439775452514e-77	2.19883229413003	0.271	0.042	6.89342355406693e-74	1	TF.STAT3.TG.PTEN.mode.A.TG.LW
6	1.45463637452292e-73	2.72955652770583	0.182	0.016	1.0662484625253e-70	1	TF.STAT3.TG.TYK2.mode.R.TG.HI
7	1.09035090024044e-57	2.47586292058984	0.154	0.016	7.99227209876242e-55	1	TF.KAT5.TG.STAT3.mode.R.TG.LW
8	1.130021155014e-56	2.40302646817058	0.168	0.02	8.28305506625266e-54	1	TF.STAT3.TG.LGALS3BP.mode.R.TG.HI
9	1.20977724189774e-53	2.05469995417455	0.211	0.036	8.86766718311042e-51	1	TF.STAT3.TG.EGFR.mode.A.TG.LW
10	6.78758142821341e-46	2.31475461268322	0.147	0.019	4.97529718688043e-43	1	TF.STAT3.TG.MMP2.mode.R.TG.HI
11	1.39318771580444e-31	2.04651752987145	0.129	0.023	1.02120659568465e-28	1	TF.STAT3.TG.CCND3.mode.A.TG.LW
12	3.05066751604091e-14	1.95185722518773	0.051	0.008	2.23613928925798e-11	1	TF.STAT3.TG.ZFP36.mode.A.TG.LW
13	1.29629385234298e-140	3.74531528605857	0.213	0.005	9.50183393767402e-138	2	TF.TP53.TG.HSP90AB1.mode.R.TG.HI
14	2.0719019653654e-98	3.34707180071471	0.169	0.006	1.51870414061284e-95	2	TF.TP53.TG.IGF1R.mode.R.TG.HI
15	1.79986474413227e-84	4.35712884840582	0.108	0.001	1.31930085744895e-81	2	TF.NF1.TG.TP53.mode.A.TG.LW
16	7.58271199196731e-69	3.26274549040238	0.112	0.004	5.55812789011204e-66	2	TF.ABL1.TG.TP53.mode.A.TG.LW
17	1.59491086874498e-66	3.99118304635152	0.093	0.001	1.16906966679007e-63	2	TF.TP53.TG.UHRF1.mode.R.TG.HI
18	8.97766812220936e-63	3.82465444235957	0.09	0.002	6.58063073357946e-60	2	TF.TP53.TG.OGG1.mode.A.TG.LW
19	1.22015277129094e-62	3.79059459383455	0.088	0.001	8.94371981356257e-60	2	TF.TP53.TG.DDB1.mode.R.TG.HI
20	1.38635521628737e-62	4.22533798874106	0.081	0.001	1.01619837353864e-59	2	TF.RUVBL1.TG.TP53.mode.R.TG.LW
21	4.63035946585269e-46	3.45845810251338	0.073	0.002	3.39405348847002e-43	2	TF.TP53.TG.DUSP1.mode.A.TG.LW
22	1.21790893948797e-45	3.3896107236984	0.071	0.002	8.9272725264468e-43	2	TF.TP53.TG.CTSD.mode.A.TG.LW
23	1.2953625727526e-176	3.50248120837689	0.295	0.01	9.49500765827659e-174	3	TF.TP53.TG.VCAN.mode.A.TG.HI
24	1.34323137074071e-126	3.72689173416023	0.192	0.004	9.84588594752944e-124	3	TF.TP53.TG.EGFR.mode.A.TG.HI
25	7.76677623687257e-94	4.2364595877041	0.131	0.002	5.69304698162759e-91	3	TF.ABL1.TG.TP53.mode.A.TG.HI
26	4.01101160432802e-90	3.3940488087077	0.162	0.007	2.94007150597244e-87	3	TF.TP53.TG.IGF1R.mode.R.TG.LW
27	4.16208094261858e-85	3.85072186692311	0.131	0.003	3.05080533093942e-82	3	TF.TP53.TG.CTSD.mode.A.TG.HI
28	6.57563252026817e-72	3.39412499650287	0.134	0.006	4.81993863735657e-69	3	TF.TP53.TG.CD82.mode.A.TG.HI
29	2.30239129547407e-58	3.39580412495891	0.093	0.003	1.6876528195825e-55	3	TF.EZH2.TG.TP53.mode.R.TG.HI
30	2.04626441407755e-54	3.39983436040236	0.088	0.003	1.49991181551884e-51	3	TF.TP53.TG.OGG1.mode.A.TG.HI
31	2.78177212982084e-47	3.23456597231631	0.081	0.003	2.03903897115868e-44	3	TF.NF1.TG.TP53.mode.A.TG.HI
32	7.09195363932685e-42	3.35116774085035	0.068	0.002	5.19840201762658e-39	3	TF.SOX6.TG.TP53.mode.A.TG.HI
33	4.23157273451603e-105	2.62637340678022	0.292	0.029	3.10174281440025e-102	4	TF.JUN.TG.PTN.mode.A.TG.HI
34	1.0721713604366e-75	2.42611964873448	0.242	0.029	7.85901607200026e-73	4	TF.EGR1.TG.TCF4.mode.A.TG.HI
35	1.07186634463812e-60	2.0970153225351	0.245	0.038	7.85678030619744e-58	4	TF.JUND.TG.MDM2.mode.R.TG.LW
36	1.70690562544236e-33	2.09009714049806	0.103	0.011	1.25116182344925e-30	4	TF.HIF1A.TG.NT5E.mode.A.TG.HI
37	2.04613372051753e-28	2.77673037457791	0.072	0.006	1.49981601713935e-25	4	TF.EGR1.TG.EGFR.mode.A.TG.HI
38	2.95247482219376e-25	2.04319259833663	0.086	0.011	2.16416404466802e-22	4	TF.EGR1.TG.LDLR.mode.A.TG.HI
39	1.42472979359146e-24	2.13509167840235	0.092	0.013	1.04432693870254e-21	4	TF.ARNT.TG.JUN.mode.R.TG.HI
40	8.35871119343968e-22	2.5321789593001	0.061	0.006	6.12693530479129e-19	4	TF.EGR1.TG.TMPO.mode.A.TG.HI
41	1.05258643227989e-20	1.97821086671806	0.078	0.011	7.71545854861159e-18	4	TF.EGR1.TG.LMTK2.mode.A.TG.HI
42	2.06961584038071e-18	2.11312920139735	0.067	0.009	1.51702841099906e-15	4	TF.ATF2.TG.JUN.mode.A.TG.HI
43	1.29424472739076e-184	4.1410709711213	0.266	0.004	9.48681385177427e-182	5	TF.RELA.TG.NCAM1.mode.A.TG.HI
44	8.27993654438996e-159	4.51828050503637	0.217	0.002	6.06919348703784e-156	5	TF.RELA.TG.BACE1.mode.R.TG.LW
45	1.14250133911064e-114	3.97792703985638	0.172	0.003	8.37453481568101e-112	5	TF.RELA.TG.GFAP.mode.A.TG.HI
46	6.63875030362004e-107	3.88974850648096	0.155	0.002	4.86620397255349e-104	5	TF.RELA.TG.CFLAR.mode.R.TG.LW
47	3.28412135491623e-102	3.77329755079677	0.169	0.004	2.4072609531536e-99	5	TF.RELA.TG.EGFR.mode.A.TG.HI
48	6.47628257861181e-87	4.09943871095646	0.128	0.002	4.74711513012246e-84	5	TF.RELA.TG.BMP2.mode.A.TG.HI
49	2.67036846905517e-81	3.86839356694742	0.121	0.002	1.95738008781744e-78	5	TF.RELA.TG.NOLC1.mode.A.TG.HI
50	5.05404087874411e-66	3.70196392667318	0.097	0.002	3.70461196411943e-63	5	TF.RELA.TG.MAT2A.mode.A.TG.HI
51	2.23710543452488e-58	3.44974309440179	0.09	0.002	1.63979828350674e-55	5	TF.RELA.TG.IL10.mode.A.TG.HI
52	2.62287972021908e-43	3.52097519730916	0.066	0.001	1.92257083492059e-40	5	TF.RELA.TG.TBP.mode.A.TG.HI
53	5.42637372533091e-156	4.67806373599616	0.198	0.001	3.97753194066756e-153	6	TF.RELA.TG.TLR7.mode.A.TG.LW
54	1.01822023299639e-147	4.0778192698953	0.218	0.003	7.46355430786356e-145	6	TF.RELA.TG.SERPINB1.mode.A.TG.LW
55	1.57138067210647e-127	3.99446573727446	0.191	0.003	1.15182203265404e-124	6	TF.RELA.TG.IL10.mode.A.TG.LW
56	3.1370483035315e-127	4.06564058866281	0.175	0.002	2.29945640648859e-124	6	TF.RELA.TG.EGFR.mode.A.TG.LW
57	7.87446036683655e-107	4.00845357567173	0.16	0.003	5.77197944889119e-104	6	TF.RELA.TG.BACE1.mode.R.TG.HI
58	3.61217395940327e-93	4.52839073634511	0.113	0	2.64772351224259e-90	6	TF.RELA.TG.TNFRSF10B.mode.A.TG.LW
59	1.92394820740765e-83	4.06300426132096	0.109	0.001	1.41025403602981e-80	6	TF.RELA.TG.CCL22.mode.A.TG.LW
60	6.62093673478939e-73	3.9277482169725	0.109	0.002	4.85314662660062e-70	6	TF.RELA.TG.CTSB.mode.A.TG.LW
61	9.51584158092878e-66	3.68830364501147	0.097	0.002	6.9751118788208e-63	6	TF.RELA.TG.TBP.mode.A.TG.LW
62	3.14185451595654e-61	3.76238959027814	0.086	0.001	2.30297936019614e-58	6	TF.RELA.TG.REPS2.mode.R.TG.HI
63	5.34806731362759e-96	2.56935290634992	0.365	0.042	3.92013334088902e-93	7	TF.STAT3.TG.EGFR.mode.A.TG.HI
64	2.27780058056958e-74	2.57115633453048	0.253	0.024	1.6696278255575e-71	7	TF.STAT3.TG.NME1.mode.A.TG.HI
65	3.10382157411515e-74	2.13723299947057	0.353	0.051	2.2751012138264e-71	7	TF.STAT3.TG.PTEN.mode.A.TG.HI
66	4.31818758430584e-56	2.54827550977421	0.22	0.025	3.16523149929618e-53	7	TF.STAT3.TG.CCND3.mode.A.TG.HI
67	1.50567446689346e-42	2.53403701952502	0.154	0.016	1.10365938423291e-39	7	TF.STAT3.TG.TYK2.mode.R.TG.LW
68	1.36750890878267e-30	2.06566940261984	0.145	0.021	1.0023840301377e-27	7	TF.STAT3.TG.MMP2.mode.R.TG.LW
69	1.76167556476027e-26	2.40696554260752	0.104	0.012	1.29130818896928e-23	7	TF.STAT3.TG.IFNAR1.mode.A.TG.HI
70	1.27386040534949e-22	2.13138430657541	0.104	0.014	9.33739677121179e-20	7	TF.KAT5.TG.STAT3.mode.R.TG.HI
71	1.83996865766724e-20	2.02201619308217	0.091	0.012	1.34869702607009e-17	7	TF.STAT3.TG.LGALS3BP.mode.R.TG.LW
72	5.25766600599593e-19	2.18271580260816	0.066	0.007	3.85386918239502e-16	7	TF.STAT3.TG.F2R.mode.A.TG.HI
73	5.19980799129338e-193	4.29899097434493	0.276	0.003	3.81145925761805e-190	8	TF.APC.TG.MYC.mode.R.TG.HI
74	1.33891470972601e-161	4.23881602861857	0.241	0.003	9.81424482229167e-159	8	TF.MYC.TG.SRSF1.mode.A.TG.HI
75	6.44052012807298e-149	4.82852130029864	0.187	0.001	4.7209012538775e-146	8	TF.MYC.TG.ODC1.mode.A.TG.HI
76	4.02754944629196e-108	4.07955472232449	0.163	0.002	2.95219374413201e-105	8	TF.MYC.TG.NOL7.mode.A.TG.HI
77	1.07959443118978e-101	3.92565538817777	0.167	0.003	7.91342718062107e-99	8	TF.MYC.TG.XPO1.mode.A.TG.HI
78	7.41146631893184e-83	3.92177841862293	0.128	0.002	5.43260481177704e-80	8	TF.MYC.TG.CFLAR.mode.R.TG.LW
79	5.67923610020572e-82	3.43400722960285	0.167	0.006	4.16288006145079e-79	8	TF.MYC.TG.TFRC.mode.A.TG.HI
80	2.1247257890462e-75	4.03055467340156	0.108	0.001	1.55742400337087e-72	8	TF.MYC.TG.CCND2.mode.A.TG.HI
81	7.37418496733901e-66	3.54516181507776	0.118	0.003	5.40527758105949e-63	8	TF.EP300.TG.MYC.mode.R.TG.HI
82	2.25236900454359e-59	3.49206960840747	0.099	0.002	1.65098648033045e-56	8	TF.MYC.TG.TNFRSF10B.mode.A.TG.HI
83	7.27437874958469e-203	4.33755718617997	0.273	0.002	5.33211962344558e-200	9	TF.MYC.TG.XPO1.mode.A.TG.LW
84	7.08778947214771e-189	4.29463188491472	0.253	0.002	5.19534968308427e-186	9	TF.MYC.TG.CHEK1.mode.A.TG.LW
85	1.17619425335606e-166	4.06770578058141	0.242	0.003	8.62150387709991e-164	9	TF.MYC.TG.TNFRSF10B.mode.A.TG.LW
86	2.91318680931325e-135	4.46723872704151	0.18	0.001	2.13536593122661e-132	9	TF.MYC.TG.HLA-E.mode.A.TG.LW
87	1.45788119800066e-134	4.12204160762465	0.196	0.002	1.06862691813448e-131	9	TF.APC.TG.MYC.mode.R.TG.LW
88	2.0492122310096e-114	4.34773014248645	0.16	0.002	1.50207256533004e-111	9	TF.JUN.TG.MYC.mode.R.TG.LW
89	3.54935946486726e-109	3.67836661356402	0.191	0.004	2.6016804877477e-106	9	TF.MYC.TG.TFRC.mode.A.TG.LW
90	3.76287604034702e-79	3.61002253371781	0.134	0.003	2.75818813757437e-76	9	TF.MYC.TG.SRSF1.mode.A.TG.LW
91	5.2536706814861e-76	3.73680483074915	0.124	0.002	3.85094060952931e-73	9	TF.ENO1.TG.MYC.mode.R.TG.LW
92	1.45878343098824e-67	3.73886568636994	0.103	0.002	1.06928825491438e-64	9	TF.CTCF.TG.MYC.mode.R.TG.LW
93	1.17363111956816e-221	3.59032021690312	0.408	0.011	8.6027161064346e-219	10	TF.SP1.TG.INSR.mode.A.TG.LW
94	1.29728673710143e-186	4.00722157642678	0.298	0.005	9.50911178295345e-184	10	TF.SP1.TG.ATP2A2.mode.A.TG.LW
95	1.86080651513035e-132	3.90395602826442	0.215	0.004	1.36397117559054e-129	10	TF.SP1.TG.ABCA1.mode.A.TG.LW
96	1.75688041954672e-119	4.03870860628041	0.178	0.002	1.28779334752775e-116	10	TF.SP1.TG.KCNQ2.mode.A.TG.LW
97	1.48650230591423e-106	3.73018452404662	0.162	0.002	1.08960619023513e-103	10	TF.SP1.TG.IRS2.mode.A.TG.LW
98	1.03896910410285e-95	3.77481576560342	0.168	0.004	7.61564353307386e-93	10	TF.SP1.TG.CD151.mode.A.TG.LW
99	3.36944270799854e-63	3.16601240039789	0.105	0.002	2.46980150496293e-60	10	TF.SP1.TG.PPP2R2B.mode.A.TG.LW
100	1.91316752293721e-60	3.28686776834461	0.11	0.003	1.40235179431298e-57	10	TF.SP1.TG.TNFSF14.mode.A.TG.LW
101	3.03709191326051e-60	3.46403136384828	0.094	0.002	2.22618837241995e-57	10	TF.SP1.TG.VAMP2.mode.A.TG.LW
102	2.41202577359182e-43	3.44398496955653	0.079	0.002	1.76801489204281e-40	10	TF.SP1.TG.ADAM10.mode.A.TG.LW
103	0	5.23747805213785	0.546	0.003	0	11	TF.EGR2.TG.SCD5.mode.R.TG.LW
104	4.00183240395577e-203	5.00988241531533	0.265	0.002	2.93334315209958e-200	11	TF.REL.TG.CDKN1A.mode.A.TG.HI
105	3.16801750348512e-186	4.38122122204401	0.292	0.005	2.3221568300546e-183	11	TF.ETS2.TG.MDM2.mode.A.TG.HI
106	1.031626499299e-182	5.46863996539393	0.211	0	7.56182223986164e-180	11	TF.KLF6.TG.CDKN1A.mode.A.TG.HI
107	3.43374998273718e-177	4.51419912138376	0.259	0.003	2.51693873734635e-174	11	TF.STAT3.TG.ZFP36.mode.A.TG.HI
108	1.13838871626815e-62	3.50242317459875	0.114	0.003	8.34438929024552e-60	11	TF.EGR1.TG.CDKN1A.mode.A.TG.HI
109	6.35151637202756e-48	4.1928408007017	0.054	0	4.6556615006962e-45	11	TF.ZFHX3.TG.CDKN1A.mode.A.TG.HI
110	3.39140942438836e-34	2.75653679423219	0.092	0.005	2.48590310807667e-31	11	TF.HIPK2.TG.MEF2C.mode.R.TG.HI
111	1.4253835940083e-32	3.03052965436347	0.076	0.003	1.04480617440809e-29	11	TF.IRF1.TG.CDKN1A.mode.R.TG.HI
112	2.67835915048886e-22	2.91458141585568	0.07	0.005	1.96323725730833e-19	11	TF.POU5F1.TG.CDKN1A.mode.R.TG.HI
113	7.37514811324655e-148	3.53955067030962	0.456	0.013	5.40598356700972e-145	12	TF.SP1.TG.INSR.mode.A.TG.HI
114	7.85953514950076e-116	3.79135383857878	0.324	0.008	5.76103926458406e-113	12	TF.SP1.TG.ATP2A2.mode.A.TG.HI
115	4.14341007353837e-97	3.98320838458613	0.25	0.005	3.03711958390363e-94	12	TF.SP1.TG.ABCA1.mode.A.TG.HI
116	4.63084208992429e-87	4.30840988889614	0.162	0.002	3.39440725191451e-84	12	TF.SP1.TG.TNFSF14.mode.A.TG.HI
117	5.79485986234219e-74	3.96062695729171	0.176	0.003	4.24763227909683e-71	12	TF.SP1.TG.VAMP2.mode.A.TG.HI
118	3.44609971978155e-57	3.53887779661581	0.162	0.004	2.52599109459987e-54	12	TF.SP1.TG.PPP2R2B.mode.A.TG.HI
119	4.5556955335422e-55	3.8964851242692	0.132	0.002	3.33932482608643e-52	12	TF.SP1.TG.BLMH.mode.A.TG.HI
120	6.96399389262782e-54	3.59601939257729	0.176	0.005	5.10460752329619e-51	12	TF.SP1.TG.APP.mode.A.TG.HI
121	1.89020973193384e-37	3.57529639833953	0.118	0.003	1.3855237335075e-34	12	TF.SP1.TG.CDKN1B.mode.A.TG.HI
122	8.67103928130694e-24	3.65015314561779	0.059	0.001	6.35587179319798e-21	12	TF.SP1.TG.ABCB8.mode.A.TG.HI
